TABLE IIA
 To(C)  eta(Pa.s)  TB(C)  DeltaT    lambda        S         D/C    C(mm)    2h0/C    h0_mm
 105.0     0.0085   92.5   31.25 15.434966 0.098805 1173.153728 0.095469 0.419142 0.020008
 107.0     0.0082   93.5   33.75 16.669764 0.119074 1311.226608 0.085416 0.473700 0.020231
 109.0     0.0079   94.5   36.25 17.904561 0.141087 1454.139087 0.077022 0.527553 0.020316
 112.0     0.0074   96.0   40.00 19.756757 0.177142 1683.527365 0.066527 0.604491 0.020107
 116.0     0.0069   98.0   45.00 22.226351 0.230319 1987.999266 0.056338 0.695242 0.019584
 127.0     0.0058  103.5   58.75 29.017736 0.400033 2857.655633 0.039193 0.855823 0.016771

TABLE IIB
       S     C_mm  2Q/DCNL  Q(m3/min)  TB(C)   h0(mm)
0.098805 0.095469 3.593381   0.026896   92.5 0.020008
0.119074 0.085416 3.683618   0.024668   93.5 0.020231
0.141087 0.077022 3.764423   0.022731   94.5 0.020316
0.177142 0.066527 3.861680   0.020141   96.0 0.020107
0.230319 0.056338 3.937114   0.017390   98.0 0.019584
0.400033 0.039193 3.849490   0.011828  103.5 0.016771
